---
layout: mine
---

# json2csv

json2csv converts JSON data (a list of objects) to CSV.

# Example #

	% head -20 file.json
	[
	  {
	    "number": 31705,
	    "name": "31705 - CHAMPEAUX (BAGNOLET)",
	    "address": "RUE DES CHAMPEAUX (PRES DE LA GARE ROUTIERE) - 93170 BAGNOLET",
	    "latitude": 48.8645278209514,
	    "longitude": 2.416170724425901
	  },
	  {
	    "number": 10042,
	    "name": "10042 - POISSONNIÈRE - ENGHIEN",
	    "address": "52 RUE D'ENGHIEN / ANGLE RUE DU FAUBOURG POISSONIERE - 75010 PARIS",
	    "latitude": 48.87242006305313,
	    "longitude": 2.348395236282807
	  },
	  {
	    "number": 8020,
	    "name": "08020 - METRO ROME",
	    "address": "74 BOULEVARD DES BATIGNOLLES - 75008 PARIS",
	    "latitude": 48.882148945631904,
	% json2csv -f file.json | head
	longitude,name,address,number,latitude
	2.416170724425901,31705 - CHAMPEAUX (BAGNOLET),RUE DES CHAMPEAUX (PRES DE LA GARE ROUTIERE) - 93170 BAGNOLET,31705,48.8645278209514
	2.348395236282807,10042 - POISSONNIÈRE - ENGHIEN,52 RUE D'ENGHIEN / ANGLE RUE DU FAUBOURG POISSONIERE - 75010 PARIS,10042,48.87242006305313
	2.319860054774211,08020 - METRO ROME,74 BOULEVARD DES BATIGNOLLES - 75008 PARIS,8020,48.882148945631904
	2.330493511399174,01022 - RUE DE LA PAIX,37 RUE CASANOVA - 75001 PARIS,1022,48.8682170167744
	2.412715733388685,35014 - DE GAULLE (PANTIN),139 AVENUE JEAN LOLIVE / MAIL CHARLES DE GAULLE - 93500 PANTIN,35014,48.893268664697416
	2.384222472712587,20040 - PARC DE BELLEVILLE,57 & 36 RUE JULIEN LACROIX - 75020 PARIS,20040,48.870393671603765
	2.24772065,28002 - SOLJENITSYNE (PUTEAUX),BOULEVARD ALEXANDRE SOLJENITSYNE - 92800 PUTEAUX,28002,48.884478
	2.295789480315903,15111 - SERRES,48 RUE OLIVIER DE SERRES - 75015 PARIS,15111,48.834658862792736
	2.437655339082955,12124 - PYRAMIDE ARTILLERIE,ROUTE DE L'ARTILLERIE - 75012 PARIS,12124,48.839041145908176

The columns are displayed in the same order as in the file. It's possible to reorder the columns by giving their names on the command-line:

	% json2csv -s ";" number name address < file.json | head
	number;name;address;latitude;longitude
	31705;31705 - CHAMPEAUX (BAGNOLET);RUE DES CHAMPEAUX (PRES DE LA GARE ROUTIERE) - 93170 BAGNOLET;48.8645278209514;2.416170724425901
	10042;10042 - POISSONNIÈRE - ENGHIEN;52 RUE D'ENGHIEN / ANGLE RUE DU FAUBOURG POISSONIERE - 75010 PARIS;48.87242006305313;2.348395236282807
	8020;08020 - METRO ROME;74 BOULEVARD DES BATIGNOLLES - 75008 PARIS;48.882148945631904;2.319860054774211
	1022;01022 - RUE DE LA PAIX;37 RUE CASANOVA - 75001 PARIS;48.8682170167744;2.330493511399174
	35014;35014 - DE GAULLE (PANTIN);139 AVENUE JEAN LOLIVE / MAIL CHARLES DE GAULLE - 93500 PANTIN;48.893268664697416;2.412715733388685
	20040;20040 - PARC DE BELLEVILLE;57 & 36 RUE JULIEN LACROIX - 75020 PARIS;48.870393671603765;2.384222472712587
	28002;28002 - SOLJENITSYNE (PUTEAUX);BOULEVARD ALEXANDRE SOLJENITSYNE - 92800 PUTEAUX;48.884478;2.24772065
	15111;15111 - SERRES;48 RUE OLIVIER DE SERRES - 75015 PARIS;48.834658862792736;2.295789480315903
	12124;12124 - PYRAMIDE ARTILLERIE;ROUTE DE L'ARTILLERIE - 75012 PARIS;48.839041145908176;2.437655339082955

# Download #

[Project repository](https://gitlab.com/hydrargyrum/attic/tree/master/json2csv)

json2csv uses Python 3 and is licensed under the [WTFPLv2](../wtfpl).
